Result 1:
  Unknown_morning Unknown_afternoon Unknown_evening Communication_morning
1      0.87772767       0.009413111     0.001748111            0.97103267
2      0.12597562       0.160673855     0.713350527            0.10137698
3      0.37057449       0.268315123     0.343566474            0.37286235
4      0.04936665       0.758171588     0.192461765            0.06246247
  Communication_afternoon Communication_evening Social_morning Social_afternoon
1              0.02748611           0.001481111     0.95652633       0.04221144
2              0.17098180           0.727641255     0.09656016       0.17672138
3              0.27849033           0.331103439     0.37461877       0.26408674
4              0.71016506           0.227372529     0.09892688       0.67533376
  Social_evening Travel_morning Travel_afternoon Travel_evening Productivity_morning
1    0.001262222     0.96581333       0.03323467   0.0009518889            0.9677797
2    0.726718473     0.10152700       0.16826882   0.7302042182            0.1005546
3    0.343750684     0.39703651       0.27056774   0.3148518421            0.4073985
4    0.225739471     0.09488671       0.68219324   0.2229200588            0.1102558
  Productivity_afternoon Productivity_evening Weather_morning Weather_afternoon
1             0.03025056          0.001969667       0.9670316         0.0313270
2             0.17922495          0.720220491       0.1055224         0.1767857
3             0.26559670          0.309460807       0.4180101         0.2611766
4             0.68740859          0.202335412       0.1094061         0.6889072
  Weather_evening Finance_morning Finance_afternoon Finance_evening
1     0.001641333       0.9711186        0.02747444     0.001406889
2     0.717691855       0.1035728        0.18419873     0.712228509
3     0.303269333       0.4241519        0.26887291     0.289431368
4     0.201686471       0.1230675        0.68423918     0.192693176
  Entertainment_morning Entertainment_afternoon Entertainment_evening Books_morning
1             0.9695953              0.02044844           0.009956222     0.9695953
2             0.1171477              0.17546004           0.707392436     0.1175841
3             0.4091973              0.27337398           0.299884877     0.4046828
4             0.1284688              0.66445047           0.207080647     0.1261524
  Books_afternoon Books_evening Personalization_morning Personalization_afternoon
1      0.02044844   0.009956222               0.9695953                0.02044844
2      0.17410958   0.708306436               0.1175058                0.17258838
3      0.27358033   0.304193000               0.4038575                0.27384888
4      0.65949971   0.214348000               0.1298519                0.66324794
  Personalization_evening Lifestyle_morning Lifestyle_afternoon Lifestyle_evening
1             0.009956222         0.9619049          0.01896222        0.01913289
2             0.709905873         0.1198010          0.17576127        0.70443773
3             0.304749789         0.4075300          0.27147481        0.30345128
4             0.206900176         0.1299774          0.65865747        0.21136518
  Game_morning Game_afternoon Game_evening Health_morning Health_afternoon
1    0.9619049     0.01896222   0.01913289      0.9647378       0.01772378
2    0.1210655     0.17336135   0.70557318      0.1227567       0.17580436
3    0.4049412     0.27186119   0.30565382      0.4024435       0.27636039
4    0.1228670     0.66593171   0.21120118      0.1225336       0.66504435
  Health_evening Libraries_morning Libraries_afternoon Libraries_evening
1     0.01753844         0.9647378          0.01772378        0.01753844
2     0.70143896         0.1228036          0.17580436        0.70139211
3     0.30365226         0.4026130          0.27768863        0.30215453
4     0.21242194         0.1218451          0.66619941        0.21195541
  Education_morning Education_afternoon Education_evening
1         0.9647378          0.01772378        0.01753844
2         0.1224731          0.17582062        0.70170629
3         0.4035526          0.27645995        0.30244361
4         0.1213928          0.66806147        0.21054571


Result 2:
  Unknown_morning Unknown_afternoon Unknown_evening Communication_morning
1      0.37057449       0.268315123     0.343566474            0.37286235
2      0.12597562       0.160673855     0.713350527            0.10137698
3      0.04936665       0.758171588     0.192461765            0.06246247
4      0.87772767       0.009413111     0.001748111            0.97103267
  Communication_afternoon Communication_evening Social_morning Social_afternoon
1              0.27849033           0.331103439     0.37461877       0.26408674
2              0.17098180           0.727641255     0.09656016       0.17672138
3              0.71016506           0.227372529     0.09892688       0.67533376
4              0.02748611           0.001481111     0.95652633       0.04221144
  Social_evening Travel_morning Travel_afternoon Travel_evening Productivity_morning
1    0.343750684     0.39703651       0.27056774   0.3148518421            0.4073985
2    0.726718473     0.10152700       0.16826882   0.7302042182            0.1005546
3    0.225739471     0.09488671       0.68219324   0.2229200588            0.1102558
4    0.001262222     0.96581333       0.03323467   0.0009518889            0.9677797
  Productivity_afternoon Productivity_evening Weather_morning Weather_afternoon
1             0.26559670          0.309460807       0.4180101         0.2611766
2             0.17922495          0.720220491       0.1055224         0.1767857
3             0.68740859          0.202335412       0.1094061         0.6889072
4             0.03025056          0.001969667       0.9670316         0.0313270
  Weather_evening Finance_morning Finance_afternoon Finance_evening
1     0.303269333       0.4241519        0.26887291     0.289431368
2     0.717691855       0.1035728        0.18419873     0.712228509
3     0.201686471       0.1230675        0.68423918     0.192693176
4     0.001641333       0.9711186        0.02747444     0.001406889
  Entertainment_morning Entertainment_afternoon Entertainment_evening Books_morning
1             0.4091973              0.27337398           0.299884877     0.4046828
2             0.1171477              0.17546004           0.707392436     0.1175841
3             0.1284688              0.66445047           0.207080647     0.1261524
4             0.9695953              0.02044844           0.009956222     0.9695953
  Books_afternoon Books_evening Personalization_morning Personalization_afternoon
1      0.27358033   0.304193000               0.4038575                0.27384888
2      0.17410958   0.708306436               0.1175058                0.17258838
3      0.65949971   0.214348000               0.1298519                0.66324794
4      0.02044844   0.009956222               0.9695953                0.02044844
  Personalization_evening Lifestyle_morning Lifestyle_afternoon Lifestyle_evening
1             0.304749789         0.4075300          0.27147481        0.30345128
2             0.709905873         0.1198010          0.17576127        0.70443773
3             0.206900176         0.1299774          0.65865747        0.21136518
4             0.009956222         0.9619049          0.01896222        0.01913289
  Game_morning Game_afternoon Game_evening Health_morning Health_afternoon
1    0.4049412     0.27186119   0.30565382      0.4024435       0.27636039
2    0.1210655     0.17336135   0.70557318      0.1227567       0.17580436
3    0.1228670     0.66593171   0.21120118      0.1225336       0.66504435
4    0.9619049     0.01896222   0.01913289      0.9647378       0.01772378
  Health_evening Libraries_morning Libraries_afternoon Libraries_evening
1     0.30365226         0.4026130          0.27768863        0.30215453
2     0.70143896         0.1228036          0.17580436        0.70139211
3     0.21242194         0.1218451          0.66619941        0.21195541
4     0.01753844         0.9647378          0.01772378        0.01753844
  Education_morning Education_afternoon Education_evening
1         0.4035526          0.27645995        0.30244361
2         0.1224731          0.17582062        0.70170629
3         0.1213928          0.66806147        0.21054571
4         0.9647378          0.01772378        0.01753844


Result 3:rnorm
  Unknown_morning Unknown_afternoon Unknown_evening Communication_morning
1      0.04936665       0.758171588     0.192461765            0.06246247
2      0.87772767       0.009413111     0.001748111            0.97103267
3      0.37057449       0.268315123     0.343566474            0.37286235
4      0.12597562       0.160673855     0.713350527            0.10137698
  Communication_afternoon Communication_evening Social_morning Social_afternoon
1              0.71016506           0.227372529     0.09892688       0.67533376
2              0.02748611           0.001481111     0.95652633       0.04221144
3              0.27849033           0.331103439     0.37461877       0.26408674
4              0.17098180           0.727641255     0.09656016       0.17672138
  Social_evening Travel_morning Travel_afternoon Travel_evening Productivity_morning
1    0.225739471     0.09488671       0.68219324   0.2229200588            0.1102558
2    0.001262222     0.96581333       0.03323467   0.0009518889            0.9677797
3    0.343750684     0.39703651       0.27056774   0.3148518421            0.4073985
4    0.726718473     0.10152700       0.16826882   0.7302042182            0.1005546
  Productivity_afternoon Productivity_evening Weather_morning Weather_afternoon
1             0.68740859          0.202335412       0.1094061         0.6889072
2             0.03025056          0.001969667       0.9670316         0.0313270
3             0.26559670          0.309460807       0.4180101         0.2611766
4             0.17922495          0.720220491       0.1055224         0.1767857
  Weather_evening Finance_morning Finance_afternoon Finance_evening
1     0.201686471       0.1230675        0.68423918     0.192693176
2     0.001641333       0.9711186        0.02747444     0.001406889
3     0.303269333       0.4241519        0.26887291     0.289431368
4     0.717691855       0.1035728        0.18419873     0.712228509
  Entertainment_morning Entertainment_afternoon Entertainment_evening Books_morning
1             0.1284688              0.66445047           0.207080647     0.1261524
2             0.9695953              0.02044844           0.009956222     0.9695953
3             0.4091973              0.27337398           0.299884877     0.4046828
4             0.1171477              0.17546004           0.707392436     0.1175841
  Books_afternoon Books_evening Personalization_morning Personalization_afternoon
1      0.65949971   0.214348000               0.1298519                0.66324794
2      0.02044844   0.009956222               0.9695953                0.02044844
3      0.27358033   0.304193000               0.4038575                0.27384888
4      0.17410958   0.708306436               0.1175058                0.17258838
  Personalization_evening Lifestyle_morning Lifestyle_afternoon Lifestyle_evening
1             0.206900176         0.1299774          0.65865747        0.21136518
2             0.009956222         0.9619049          0.01896222        0.01913289
3             0.304749789         0.4075300          0.27147481        0.30345128
4             0.709905873         0.1198010          0.17576127        0.70443773
  Game_morning Game_afternoon Game_evening Health_morning Health_afternoon
1    0.1228670     0.66593171   0.21120118      0.1225336       0.66504435
2    0.9619049     0.01896222   0.01913289      0.9647378       0.01772378
3    0.4049412     0.27186119   0.30565382      0.4024435       0.27636039
4    0.1210655     0.17336135   0.70557318      0.1227567       0.17580436
  Health_evening Libraries_morning Libraries_afternoon Libraries_evening
1     0.21242194         0.1218451          0.66619941        0.21195541
2     0.01753844         0.9647378          0.01772378        0.01753844
3     0.30365226         0.4026130          0.27768863        0.30215453
4     0.70143896         0.1228036          0.17580436        0.70139211
  Education_morning Education_afternoon Education_evening
1         0.1213928          0.66806147        0.21054571
2         0.9647378          0.01772378        0.01753844
3         0.4035526          0.27645995        0.30244361
4         0.1224731          0.17582062        0.70170629